  -1.2714050e+00   8.9450331e-03
  -1.0889256e+00   6.4317881e-03
  -8.7074380e-01   5.0609272e-03
  -6.6446281e-01   3.8728477e-03
  -5.4148760e-01   3.7814570e-03
  -4.5421488e-01   3.1874172e-03
  -3.4710744e-01   2.9132450e-03
  -2.3603306e-01   2.6847682e-03
  -1.1702479e-01   2.3649007e-03
   9.9173554e-03   2.2735099e-03
   1.0115702e-01   2.5476821e-03
   2.1619835e-01   2.9132450e-03
   3.1537190e-01   2.9132450e-03
   6.5256198e-01   5.5178808e-03
   8.9057851e-01   7.4370861e-03
   1.0849587e+00   1.0681457e-02
   1.2436364e+00   1.3971523e-02
